0 0
1 -0.0744253
2 0
3 0.0507696
4 0.0361724
5 0.0399201
6 0
7 0.0319753
8 0.115305
9 0.0335844
10 0.143154
11 -0.0592756
12 0.0846762
13 -0.0592756
14 0.0319753
15 0.0507696
16 0
17 -0.0592756
18 0.00515689
19 0.0335844
20 0
21 0
22 -0.0786444
23 0
24 0.0507696
25 0.0434098
26 0
27 0.0434098
28 0.0953894
29 0
30 -0.0592756
31 0.0735045
32 0.0507696
33 0.0361724
34 0.0361724
35 -0.0592756
36 0.12982
37 0
38 -0.0592756
39 0.0335844
40 0
41 0
42 0
43 -0.0786444
44 -0.122271
45 -0.0744253
46 0
47 0.0335844
48 0
49 0.047544
50 0.0399201
51 -0.0744253
52 -0.0592756
53 -0.0786444
54 0
55 0.0319753
56 0.0434098
57 0.0434098
58 0.0795193
59 0.0399201
60 0.0478454
61 0.0361724
62 -0.04506
63 0.0399201
64 0
65 0
66 0.0361724
67 0.130289
68 0.0507696
69 0
70 -0.0786444
71 0.0795193
72 0.0319753
73 0.047544
74 -0.0592756
75 0
76 0.0335844
77 0.130306
78 0
79 0
80 -0.0592756
81 0.0795193
82 0.0795193
83 0.0507696
84 0
85 0
86 0.0507696
87 0.0319753
88 0
89 0.0361724
90 0.0319753
91 0
92 0.0399201
93 0.0335844
94 0.0507696
95 -0.0786444
96 0.0319753
97 -0.0592756
98 0
99 0.0427055
100 -0.122271
101 0.0434098
102 0
103 0.0507696
104 -0.0592756
105 -0.00513988
106 0.0434098
107 0
108 -0.0786444
109 0
110 0
111 -0.0715011
112 -0.0592756
113 0.0983136
114 0.047544
115 0.0335844
116 -0.0592756
117 0
118 0
119 0
120 0
121 0.0478454
122 0.0434098
123 0.0399201
124 0
125 0.0507696
126 0.0846762
127 -0.00635818
128 0.00515689
129 0.0507696
130 -0.0786444
131 0.0399201
132 0.047544
133 -0.0715011
134 -0.04506
135 0
136 0.0434098
137 0
138 0.0399201
139 0
140 0.0874641
141 0.0361724
142 0
143 0.129284
144 -0.04506
145 0.0319753
146 0
147 0.047544
148 -0.0744253
149 0.20895
150 -0.0592756
151 0.047544
152 -0.0592756
153 -0.0592756
154 -0.122271
155 -0.00513988
156 0
157 0.0361724
158 0
159 0.0335844
160 -0.0786444
161 0
162 -0.0310155
163 0.0319753
164 0.0846762
165 0.0399201
166 -0.0592756
167 0.0335844
168 -0.0786444
169 -0.0592756
170 0.0434098
171 -0.0592756
172 0.0349039
173 0.0335844
174 0.0434098
175 -0.0744253
176 0.130306
177 0.0507696
178 0.0507696
179 0.0361724
180 0.0507696
181 0.0434098
182 0.0795193
183 0
184 -0.0786444
185 0.171482
186 0.0399201
187 -0.0592756
188 -0.0786444
189 0.20895
190 -0.0592756
191 -0.0786444
192 0.0434098
193 0.0335844
194 0
195 0.0707683
196 0
197 0
198 0.0507696
199 0.0478454
200 0
201 0.0478454
202 0.0434098
203 -0.122271
204 0
205 0.0319753
206 0
207 -0.04506
208 0
209 0
210 0.0507696
211 -0.04506
212 0.0399201
213 0
214 0
215 0.0983136
216 0.0319753
217 0.0399201
218 0
219 0.0434098
220 0.0399201
221 -0.0592756
222 0.047544
223 0.0319753
224 -0.0592756
225 0.0361724
226 -0.0786444
227 -0.0786444
228 0.0710303
229 0
230 0.0361724
231 0.047544
232 -0.00513988
233 0.0361724
234 -0.0592756
235 0
236 0.0478454
237 0
238 0
239 0.0361724
240 0
241 -0.00513988
242 -0.0786444
243 0.00515689
244 0.0399201
245 0.047544
246 0
247 -0.0592756
248 0
249 -0.0592756
250 -0.04506
251 -0.0592756
252 0
253 0.0846762
254 0.0795193
255 0
256 0.0434098
257 0.0399201
258 -0.0744253
259 -0.0592756
260 0.0335844
261 -0.122271
262 0.0319753
263 -0.0395258
264 -0.0786444
265 0
266 0.0399201
267 -0.0592756
268 0.00515689
269 0.0507696
270 -0.0592756
271 0.0399201
272 -0.0592756
273 -0.0715011
274 0.0434098
275 -0.0744253
276 0
277 0.138234
278 -0.0592756
279 0.0507696
280 0.0335844
281 -0.04506
282 0
283 0.0361724
284 -0.04506
285 0
286 0.0319753
287 0.0361724
288 0.0319753
289 0.0361724
290 -0.0744253
291 -0.0744253
292 0.0361724
293 0.0335844
