0 1 0.097
1 1 0.723
2 1 0.079
3 1 0.935
4 1 0.55
5 1 0.109
6 1 0.892
7 1 0.919
8 1 0.904
9 1 0.809
10 1 0.756
11 1 0.621
12 1 0.832
13 1 0.906
14 1 0.89
15 1 0.904
16 1 0.848
17 1 0.926
18 1 0.849
19 1 0.948
20 1 0.872
21 1 0.159
22 1 0.907
23 1 0.33
24 1 0.895
25 1 0.896
26 1 0.938
27 1 0.923
28 1 0.932
29 1 0.909
30 1 0.931
31 1 0.888
32 1 0.866
33 1 0.84
34 1 0.166
35 1 0.558
36 1 0.669
37 1 0.898
38 1 0.577
39 1 0.871
40 1 0.687
41 1 0.093
42 1 0.907
43 1 0.886
44 1 0.164
45 1 0.894
46 1 0.946
47 1 0.883
48 1 0.897
49 1 0.844
50 1 0.947
51 1 0.696
52 1 0.844
53 1 0.932
54 1 0.332
55 1 0.927
56 1 0.155
57 1 0.561
58 1 0.854
59 1 0.919
60 1 0.959
61 1 0.083
62 1 0.898
63 1 0.91
64 1 0.615
65 1 0.56
66 1 0.78
67 1 0.934
68 1 0.904
69 1 0.825
70 1 0.853
71 1 0.582
72 1 0.912
73 1 0.931
74 1 0.077
75 1 0.896
76 1 0.915
77 1 0.916
